4.49, 4.36, 4.69, 5.08, 3.91, 3.45, 3.98, 4.06, 4.77
4.49, 4.36, 4.69, 5.08, 3.91, 3.45, 3.98, 4.06, 4.77
4.49, 4.36, 4.69, 5.08, 3.91, 3.45, 3.98, 4.06, 4.77
4.49, 4.36, 4.69, 5.08, 3.91, 3.45, 3.98, 4.06, 4.77
5.07, 5.03, 5.33, 5.59, 4.36, 3.75, 4.53, 4.4, 4.89
5.07, 5.03, 5.33, 5.59, 4.36, 3.75, 4.53, 4.4, 4.89
5.07, 5.03, 5.33, 5.59, 4.36, 3.75, 4.53, 4.4, 4.89
5.07, 5.03, 5.33, 5.59, 4.36, 3.75, 4.53, 4.4, 4.89
5.67, 5.5, 5.91, 6.22, 4.77, 4.23, 4.91, 4.61, 5.19
5.67, 5.5, 5.91, 6.22, 4.77, 4.23, 4.91, 4.61, 5.19
5.67, 5.5, 5.91, 6.22, 4.77, 4.23, 4.91, 4.61, 5.19
5.67, 5.5, 5.91, 6.22, 4.77, 4.23, 4.91, 4.61, 5.19
5.69, 5.71, 5.89, 6.33, 4.97, 4.29, 5.11, 4.82, 5.18
5.69, 5.71, 5.89, 6.33, 4.97, 4.29, 5.11, 4.82, 5.18
5.69, 5.71, 5.89, 6.33, 4.97, 4.29, 5.11, 4.82, 5.18
5.69, 5.71, 5.89, 6.33, 4.97, 4.29, 5.11, 4.82, 5.18
4.98, 4.8, 5.16, 5.45, 4.34, 3.74, 4.4, 4.08, 4.64
4.98, 4.8, 5.16, 5.45, 4.34, 3.74, 4.4, 4.08, 4.64
4.98, 4.8, 5.16, 5.45, 4.34, 3.74, 4.4, 4.08, 4.64
4.98, 4.8, 5.16, 5.45, 4.34, 3.74, 4.4, 4.08, 4.64
4.59, 4.03, 4.67, 5.33, 3.89, 3.48, 3.93, 3.56, 3.97
4.59, 4.03, 4.67, 5.33, 3.89, 3.48, 3.93, 3.56, 3.97
4.59, 4.03, 4.67, 5.33, 3.89, 3.48, 3.93, 3.56, 3.97
4.59, 4.03, 4.67, 5.33, 3.89, 3.48, 3.93, 3.56, 3.97
4.51, 4.01, 4.54, 5.14, 3.98, 3.52, 4, 3.53, 3.96
4.51, 4.01, 4.54, 5.14, 3.98, 3.52, 4, 3.53, 3.96
4.51, 4.01, 4.54, 5.14, 3.98, 3.52, 4, 3.53, 3.96
4.51, 4.01, 4.54, 5.14, 3.98, 3.52, 4, 3.53, 3.96
4.32, 3.74, 4.35, 4.98, 3.85, 3.42, 3.85, 3.49, 3.85
4.32, 3.74, 4.35, 4.98, 3.85, 3.42, 3.85, 3.49, 3.85
4.32, 3.74, 4.35, 4.98, 3.85, 3.42, 3.85, 3.49, 3.85
4.32, 3.74, 4.35, 4.98, 3.85, 3.42, 3.85, 3.49, 3.85
4.18, 3.79, 4.27, 4.53, 3.72, 3.28, 3.79, 3.41, 3.84
4.18, 3.79, 4.27, 4.53, 3.72, 3.28, 3.79, 3.41, 3.84
4.18, 3.79, 4.27, 4.53, 3.72, 3.28, 3.79, 3.41, 3.84
4.18, 3.79, 4.27, 4.53, 3.72, 3.28, 3.79, 3.41, 3.84
4.54, 4.3, 4.4, 4.61, 3.57, 3.34, 3.84, 3.73, 4.14
4.54, 4.3, 4.4, 4.61, 3.57, 3.34, 3.84, 3.73, 4.14
4.54, 4.3, 4.4, 4.61, 3.57, 3.34, 3.84, 3.73, 4.14
4.54, 4.3, 4.4, 4.61, 3.57, 3.34, 3.84, 3.73, 4.14
4.67, 4.64, 4.43, 4.97, 3.68, 3.35, 3.94, 3.98, 4.61
4.67, 4.64, 4.43, 4.97, 3.68, 3.35, 3.94, 3.98, 4.61
4.67, 4.64, 4.43, 4.97, 3.68, 3.35, 3.94, 3.98, 4.61
4.67, 4.64, 4.43, 4.97, 3.68, 3.35, 3.94, 3.98, 4.61
4.49, 4.51, 4.35, 5.12, 3.75, 3.33, 3.83, 3.91, 4.82
4.49, 4.51, 4.35, 5.12, 3.75, 3.33, 3.83, 3.91, 4.82
4.49, 4.51, 4.35, 5.12, 3.75, 3.33, 3.83, 3.91, 4.82
4.49, 4.51, 4.35, 5.12, 3.75, 3.33, 3.83, 3.91, 4.82